8.175798915643705
8.66195721802725
9.177023997418985
9.722718241315027
10.300861153527185
10.91338223228137
11.562325709738575
12.249857374429666
12.978271799373287
13.750000000000
14.567617547440312
15.433853164253883
16.35159783128741
17.3239144360545
18.35404799483797
19.445436482630054
20.60172230705437
21.82676446456274
23.12465141947715
24.499714748859333
25.956543598746574
27.500000000000004
29.135235094880624
30.867706328507765
32.70319566257482
34.647828872109
36.70809598967594
38.89087296526011
41.20344461410874
43.65352892912548
46.2493028389543
48.999429497718666
51.91308719749315
55.00000000000001
58.27047018976125
61.73541265701553
65.40639132514964
69.295657744218
73.41619197935188
77.78174593052022
82.40688922821748
87.30705785825096
92.4986056779086
97.99885899543733
103.8261743949863
110.00000000000001
116.5409403795225
123.47082531403106
130.81278265029928
138.591315488436
146.83238395870376
155.56349186104043
164.81377845643496
174.6141157165019
184.9972113558172
195.99771799087466
207.6523487899726
220.00000000000003
233.081880759045
246.94165062806212
261.62556530059857
277.182630976872
293.6647679174075
311.12698372208087
329.6275569128699
349.2282314330038
369.9944227116344
391.9954359817493
415.3046975799452
440.00000000000006
466.16376151809
493.88330125612424
523.2511306011971
554.365261953744
587.329535834815
622.2539674441617
659.2551138257398
698.4564628660077
739.9888454232688
783.9908719634986
830.6093951598904
880.0000000000001
932.32752303618
987.7666025122485
1046.5022612023943
1108.730523907488
1174.65907166963
1244.5079348883235
1318.5102276514797
1396.9129257320153
1479.9776908465376
1567.9817439269973
1661.2187903197807
1760.0000000000002
1864.65504607236
1975.533205024497
2093.0045224047885
2217.461047814976
2349.31814333926
2489.015869776647
2637.0204553029594
2793.8258514640306
2959.955381693075
3135.9634878539946
3322.4375806395615
3520.0000000000005
3729.31009214472
3951.066410048994
4186.009044809577
4434.922095629952
4698.63628667852
4978.031739553294
5274.040910605919
5587.651702928061
5919.91076338615
6271.926975707989
6644.875161279123
7040.000000000001
7458.62018428944
7902.132820097988
8372.018089619154
8869.844191259905
9397.27257335704
9956.063479106588
10548.081821211837
11175.303405856122
11839.8215267723
12543.853951415978
13289.750322558246
